#run	Ein	Eout	pressure	before	after	targetTrans	+/-	sepTrans	+/-	CSF	+/-
23023	505	482.5	6.89	nan	2.51E-007	0.99	0.02	0.99	0.02	0.46	0.1
23024	505	482.5	6.85	2.53E-007	2.52E-007	0.99	0.02	0.99	0.02	0.46	0.1
23025	505	482.5	6.85	2.56E-007	2.52E-007	0.99	0.02	0.99	0.02	0.46	0.1
23026	505	482.5	6.85	2.53E-007	2.54E-007	0.99	0.02	0.99	0.02	0.46	0.1
23027	505	482.5	6.86	2.51E-007	2.55E-007	0.99	0.02	0.99	0.02	0.46	0.1
23065	407	384.5	6.75	3.50E-007	3.49E-007	0.94	0.03	0.99	0.02	0.5	0.2
23066	407	384.5	6.75	3.44E-007	2.72E-007	0.94	0.03	0.99	0.02	0.5	0.2
23067	407	384.5	6.74	2.77E-007	2.26E-007	0.94	0.03	0.99	0.02	0.5	0.2
23109	327	304	6.81	3.26E-007	3.30E-007	0.95	0.02	0.99	0.02	0.3	0.1
23110	327	304	6.83	3.26E-007	9.77E-010	0.95	0.02	0.99	0.02	0.3	0.1
23111	327	304	6.84	9.77E-010	9.77E-010	0.95	0.02	0.99	0.02	0.3	0.1
23112	327	304	6.82	9.77E-010	9.77E-010	0.95	0.02	0.99	0.02	0.3	0.1
23113	327	304	6.81	9.77E-010	2.71E-007	0.95	0.02	0.99	0.02	0.3	0.1
23114	327	304	6.82	3.11E-007	3.25E-007	0.95	0.02	0.99	0.02	0.3	0.1
23115	327	304	6.81	3.24E-007	3.25E-007	0.95	0.02	0.99	0.02	0.3	0.1
23116	327	304	6.81	3.25E-007	3.32E-007	0.95	0.02	0.99	0.02	0.3	0.1
23117	327	304	6.82	3.32E-007	3.31E-007	0.95	0.02	0.99	0.02	0.3	0.1
23118	327	304	6.86	3.29E-007	3.22E-007	0.95	0.02	0.99	0.02	0.3	0.1
23119	327	304	6.88	3.23E-007	3.17E-007	0.95	0.02	0.99	0.02	0.3	0.1
23121	327	304	6.98	3.21E-007	3.26E-007	0.95	0.02	0.99	0.02	0.3	0.1
23122	327	304	7	3.26E-007	3.24E-007	0.95	0.02	0.99	0.02	0.3	0.1
23126	327	304	6.88	nan	3.68E-007	0.95	0.02	0.99	0.02	0.3	0.1
23127	327	304	6.85	3.66E-007	3.55E-007	0.95	0.02	0.99	0.02	0.3	0.1
23128	327	304	6.85	3.51E-007	3.42E-007	0.95	0.02	0.99	0.02	0.3	0.1
23130	327	304	6.83	3.78E-007	3.79E-007	0.95	0.02	0.99	0.02	0.45	0.1
23131	327	304	6.83	3.77E-007	3.79E-007	0.95	0.02	0.99	0.02	0.45	0.1
23132	327	304	6.83	3.80E-007	3.83E-007	0.95	0.02	0.99	0.02	0.45	0.1
23133	327	304	6.83	3.85E-007	3.99E-007	0.95	0.02	0.99	0.02	0.45	0.1
23134	327	304	6.82	4.01E-007	4.05E-007	0.95	0.02	0.99	0.02	0.45	0.1
23136	327	304	6.8	4.12E-007	4.13E-007	0.95	0.02	0.99	0.02	0.18	0.03
23137	327	304	6.79	4.14E-007	4.10E-007	0.95	0.02	0.99	0.02	0.18	0.03
23138	327	304	6.79	4.11E-007	4.13E-007	0.95	0.02	0.99	0.02	0.18	0.03
23139	327	304	6.8	4.15E-007	4.14E-007	0.95	0.02	0.99	0.02	0.18	0.03
23140	327	304	6.8	4.13E-007	4.03E-007	0.95	0.02	0.99	0.02	0.18	0.03
23141	327	304	6.79	4.12E-007	4.14E-007	0.95	0.02	0.99	0.02	0.18	0.03
23142	327	304	6.79	4.14E-007	4.14E-007	0.95	0.02	0.99	0.02	0.18	0.03
23143	327	304	6.8	4.13E-007	2.97E-007	0.95	0.02	0.99	0.02	0.18	0.03
23145	327	304	6.78	4.12E-007	4.08E-007	0.95	0.02	0.99	0.02	0.04	0.05
23151	327	304	6.93	4.12E-007	3.88E-007	0.95	0.02	0.99	0.02	0.04	0.05
23154	282.9	259.5	7.03	3.86E-007	3.81E-007	0.94	0.01	0.99	0.02	0.48	0.05
23155	282.9	259.5	7.01	3.79E-007	3.74E-007	0.94	0.01	0.99	0.02	0.48	0.05
23156	282.9	259.5	7.01	3.78E-007	3.78E-007	0.94	0.01	0.99	0.02	0.48	0.05
23157	282.9	259.5	7.01	3.80E-007	3.76E-007	0.94	0.01	0.99	0.02	0.48	0.05
23158	282.9	259.5	6.98	3.81E-007	3.81E-007	0.94	0.01	0.99	0.02	0.48	0.05
23159	282.9	259.5	6.95	3.82E-007	3.84E-007	0.94	0.01	0.99	0.02	0.48	0.05
23160	282.9	259.5	6.94	3.83E-007	3.86E-007	0.94	0.01	0.99	0.02	0.48	0.05
23161	282.9	259.5	6.93	3.86E-007	3.88E-007	0.94	0.01	0.99	0.02	0.48	0.05
23162	282.9	259.5	6.92	3.89E-007	3.94E-007	0.94	0.01	0.99	0.02	0.48	0.05
23163	282.9	259.5	6.9	3.96E-007	3.95E-007	0.94	0.01	0.99	0.02	0.48	0.05
23164	282.9	259.5	6.91	3.95E-007	3.94E-007	0.94	0.01	0.99	0.02	0.48	0.05
23170	282.9	259.5	6.9	3.87E-007	3.88E-007	0.94	0.01	0.99	0.02	0.48	0.05
23171	282.9	259.5	6.9	3.87E-007	3.85E-007	0.94	0.01	0.99	0.02	0.48	0.05
23172	282.9	259.5	6.94	3.84E-007	3.88E-007	0.94	0.01	0.99	0.02	0.48	0.05
23173	282.9	259.5	6.93	3.87E-007	3.87E-007	0.94	0.01	0.99	0.02	0.48	0.05
23174	282.9	259.5	6.92	3.86E-007	3.88E-007	0.94	0.01	0.99	0.02	0.48	0.05
23175	282.9	259.5	6.97	3.88E-007	3.84E-007	0.94	0.01	0.99	0.02	0.48	0.05
23176	282.9	259.5	7.04	3.84E-007	3.85E-007	0.94	0.01	0.99	0.02	0.48	0.05
23177	282.9	259.5	7.01	3.83E-007	3.80E-007	0.94	0.01	0.99	0.02	0.48	0.05
23178	282.9	259.5	6.97	3.80E-007	4.98E-007	0.94	0.01	0.99	0.02	0.48	0.05
23179	282.9	259.5	6.94	4.98E-007	5.49E-007	0.94	0.01	0.99	0.02	0.48	0.05
23180	282.9	259.5	6.95	5.51E-007	5.58E-007	0.94	0.01	0.99	0.02	0.48	0.05
23181	282.9	259.5	6.92	5.59E-007	6.14E-007	0.94	0.01	0.99	0.02	0.48	0.05
23182	282.9	259.5	6.91	6.15E-007	6.24E-007	0.94	0.01	0.99	0.02	0.48	0.05
23183	282.9	259.5	6.9	6.24E-007	6.27E-007	0.94	0.01	0.99	0.02	0.48	0.05
23184	282.9	259.5	6.89	6.15E-007	6.18E-007	0.94	0.01	0.99	0.02	0.48	0.05
23185	282.9	259.5	6.88	6.07E-007	6.35E-007	0.94	0.01	0.99	0.02	0.48	0.05
23186	282.9	259.5	6.86	6.05E-007	6.20E-007	0.94	0.01	0.99	0.02	0.48	0.05
23187	282.9	259.5	6.86	6.29E-007	6.22E-007	0.94	0.01	0.99	0.02	0.48	0.05
23188	282.9	259.5	6.84	6.26E-007	6.03E-007	0.94	0.01	0.99	0.02	0.48	0.05
23189	282.9	259.5	6.83	6.08E-007	5.84E-007	0.94	0.01	0.99	0.02	0.48	0.05
23190	282.9	259.5	6.82	6.00E-007	5.63E-007	0.94	0.01	0.99	0.02	0.48	0.05
23191	282.9	259.5	6.83	5.60E-007	5.53E-007	0.94	0.01	0.99	0.02	0.48	0.05
23192	282.9	259.5	6.83	5.57E-007	5.43E-007	0.94	0.01	0.99	0.02	0.48	0.05
23193	282.9	259.5	6.84	5.68E-007	5.70E-007	0.94	0.01	0.99	0.02	0.48	0.05
23194	282.9	259.5	6.84	5.96E-007	5.52E-007	0.94	0.01	0.99	0.02	0.48	0.05
23196	282.9	259.5	6.82	5.66E-007	5.75E-007	0.94	0.01	0.99	0.02	0.27	0.1
23197	282.9	259.5	6.86	5.80E-007	5.88E-007	0.94	0.01	0.99	0.02	0.27	0.1
23198	282.9	259.5	6.95	5.95E-007	5.98E-007	0.94	0.01	0.99	0.02	0.27	0.1
23199	282.9	259.5	6.96	5.98E-007	6.15E-007	0.94	0.01	0.99	0.02	0.27	0.1
23200	282.9	259.5	6.9	6.25E-007	6.26E-007	0.94	0.01	0.99	0.02	0.27	0.1
23201	282.9	259.5	6.89	6.28E-007	6.08E-007	0.94	0.01	0.99	0.02	0.27	0.1
23202	282.9	259.5	6.88	6.01E-007	6.39E-007	0.94	0.01	0.99	0.02	0.27	0.1
23203	282.9	259.5	6.87	6.36E-007	6.33E-007	0.94	0.01	0.99	0.02	0.27	0.1
23204	282.9	259.5	6.87	6.40E-007	6.10E-007	0.94	0.01	0.99	0.02	0.27	0.1
23205	282.9	259.5	6.88	6.10E-007	6.16E-007	0.94	0.01	0.99	0.02	0.27	0.1
23206	282.9	259.5	6.8	6.18E-007	6.25E-007	0.94	0.01	0.99	0.02	0.27	0.1
23207	282.9	259.5	6.81	6.25E-007	6.24E-007	0.94	0.01	0.99	0.02	0.27	0.1
23208	282.9	259.5	6.8	6.15E-007	6.38E-007	0.94	0.01	0.99	0.02	0.27	0.1
23209	282.9	259.5	6.8	6.44E-007	6.13E-007	0.94	0.01	0.99	0.02	0.27	0.1
23210	282.9	259.5	6.78	6.13E-007	6.06E-007	0.94	0.01	0.99	0.02	0.27	0.1
23211	282.9	259.5	6.78	6.18E-007	5.89E-007	0.94	0.01	0.99	0.02	0.27	0.1
23212	282.9	259.5	6.77	5.96E-007	5.25E-007	0.94	0.01	0.99	0.02	0.27	0.1
23213	282.9	259.5	6.77	5.32E-007	5.33E-007	0.94	0.01	0.99	0.02	0.27	0.1
23214	282.9	259.5	6.78	5.26E-007	5.52E-007	0.94	0.01	0.99	0.02	0.27	0.1
23215	282.9	259.5	6.77	5.51E-007	5.10E-007	0.94	0.01	0.99	0.02	0.27	0.1
23216	282.9	259.5	6.78	5.10E-007	5.40E-007	0.94	0.01	0.99	0.02	0.27	0.1
23217	282.9	259.5	6.78	5.31E-007	5.04E-007	0.94	0.01	0.99	0.02	0.27	0.1
23218	282.9	259.5	6.77	4.80E-007	5.43E-007	0.94	0.01	0.99	0.02	0.27	0.1
23219	282.9	259.5	6.76	5.48E-007	5.20E-007	0.94	0.01	0.99	0.02	0.27	0.1
23220	282.9	259.5	6.76	5.10E-007	5.44E-007	0.94	0.01	0.99	0.02	0.27	0.1
23221	282.9	259.5	6.76	5.53E-007	5.81E-007	0.94	0.01	0.99	0.02	0.27	0.1
23222	282.9	259.5	6.88	5.91E-007	6.08E-007	0.94	0.01	0.99	0.02	0.27	0.1
23224	282.9	259.5	6.92	5.97E-007	6.15E-007	0.94	0.01	0.99	0.02	0.15	0.1
23225	282.9	259.5	6.85	6.05E-007	6.40E-007	0.94	0.01	0.99	0.02	0.15	0.1
23226	282.9	259.5	6.84	6.29E-007	6.46E-007	0.94	0.01	0.99	0.02	0.15	0.1
23227	282.9	259.5	6.82	6.49E-007	6.34E-007	0.94	0.01	0.99	0.02	0.15	0.1
23228	282.9	259.5	6.82	6.41E-007	6.36E-007	0.94	0.01	0.99	0.02	0.15	0.1
23229	282.9	259.5	6.79	6.14E-007	6.40E-007	0.94	0.01	0.99	0.02	0.15	0.1
23230	282.9	259.5	6.81	6.45E-007	6.17E-007	0.94	0.01	0.99	0.02	0.15	0.1
23231	282.9	259.5	6.8	6.37E-007	6.33E-007	0.94	0.01	0.99	0.02	0.15	0.1
23232	282.9	259.5	6.78	6.41E-007	5.86E-007	0.94	0.01	0.99	0.02	0.15	0.1
23233	282.9	259.5	6.77	5.52E-007	5.66E-007	0.94	0.01	0.99	0.02	0.15	0.1
23234	282.9	259.5	6.76	5.51E-007	5.89E-007	0.94	0.01	0.99	0.02	0.15	0.1
23235	282.9	259.5	6.75	5.88E-007	5.58E-007	0.94	0.01	0.99	0.02	0.15	0.1
23236	282.9	259.5	6.73	5.57E-007	5.43E-007	0.94	0.01	0.99	0.02	0.15	0.1
23237	282.9	259.5	6.72	5.34E-007	5.22E-007	0.94	0.01	0.99	0.02	0.15	0.1
23238	282.9	259.5	6.72	5.04E-007	5.35E-007	0.94	0.01	0.99	0.02	0.15	0.1
23239	282.9	259.5	6.73	5.49E-007	4.93E-007	0.94	0.01	0.99	0.02	0.15	0.1
23240	282.9	259.5	6.73	4.94E-007	4.85E-007	0.94	0.01	0.99	0.02	0.15	0.1
23241	282.9	259.5	6.74	4.79E-007	4.63E-007	0.94	0.01	0.99	0.02	0.15	0.1
23242	282.9	259.5	6.74	4.71E-007	5.12E-007	0.94	0.01	0.99	0.02	0.15	0.1
23243	282.9	259.5	6.73	5.00E-007	5.16E-007	0.94	0.01	0.99	0.02	0.15	0.1
23244	282.9	259.5	6.73	5.32E-007	5.23E-007	0.94	0.01	0.99	0.02	0.15	0.1
23245	282.9	259.5	6.9	5.29E-007	5.50E-007	0.94	0.01	0.99	0.02	0.15	0.1
23246	282.9	259.5	6.96	5.46E-007	5.36E-007	0.94	0.01	0.99	0.02	0.15	0.1
23247	282.9	259.5	6.91	5.46E-007	5.68E-007	0.94	0.01	0.99	0.02	0.15	0.1
23248	282.9	259.5	6.87	5.80E-007	6.00E-007	0.94	0.01	0.99	0.02	0.15	0.1
23249	282.9	259.5	6.84	6.12E-007	6.35E-007	0.94	0.01	0.99	0.02	0.15	0.1
23250	282.9	259.5	6.83	4.54E-008	6.48E-007	0.94	0.01	0.99	0.02	0.15	0.1
23251	282.9	259.5	6.83	6.48E-007	6.49E-007	0.94	0.01	0.99	0.02	0.15	0.1
23252	282.9	259.5	6.77	6.54E-007	6.45E-007	0.94	0.01	0.99	0.02	0.15	0.1
23253	282.9	259.5	6.78	6.50E-007	6.47E-007	0.94	0.01	0.99	0.02	0.15	0.1
23254	282.9	259.5	6.78	6.45E-007	6.49E-007	0.94	0.01	0.99	0.02	0.15	0.1
23255	282.9	259.5	6.76	6.50E-007	6.40E-007	0.94	0.01	0.99	0.02	0.15	0.1
23256	282.9	259.5	6.76	6.41E-007	6.40E-007	0.94	0.01	0.99	0.02	0.15	0.1
23257	282.9	259.5	6.76	6.28E-007	6.53E-007	0.94	0.01	0.99	0.02	0.15	0.1
23258	282.9	259.5	6.76	6.54E-007	6.43E-007	0.94	0.01	0.99	0.02	0.15	0.1
23259	282.9	259.5	6.75	6.44E-007	6.42E-007	0.94	0.01	0.99	0.02	0.15	0.1
23260	282.9	259.5	6.76	6.39E-007	6.23E-007	0.94	0.01	0.99	0.02	0.15	0.1
23261	282.9	259.5	6.76	6.19E-007	6.36E-007	0.94	0.01	0.99	0.02	0.15	0.1
23262	282.9	259.5	6.76	6.32E-007	6.20E-007	0.94	0.01	0.99	0.02	0.15	0.1
23263	282.9	259.5	6.76	6.12E-007	5.85E-007	0.94	0.01	0.99	0.02	0.15	0.1
23264	282.9	259.5	6.77	5.81E-007	5.92E-007	0.94	0.01	0.99	0.02	0.15	0.1
23265	282.9	259.5	6.77	5.90E-007	5.73E-007	0.94	0.01	0.99	0.02	0.15	0.1
23266	282.9	259.5	6.76	5.78E-007	5.80E-007	0.94	0.01	0.99	0.02	0.15	0.1
23267	282.9	259.5	6.76	5.74E-007	5.87E-007	0.94	0.01	0.99	0.02	0.15	0.1
23268	282.9	259.5	6.76	5.79E-007	5.81E-007	0.94	0.01	0.99	0.02	0.15	0.1
23269	282.9	259.5	6.77	5.81E-007	5.87E-007	0.94	0.01	0.99	0.02	0.15	0.1
23270	282.9	259.5	6.77	5.94E-007	nan	0.94	0.01	0.99	0.02	0.15	0.1

