#Run	 SB0 	'+/- 	 SB1 	'+/- 	 lt_HI 	'+/- 	 lt_BGO 	'+/- 	 SB0start/s 	'+/- 	 SB0end/s 	'+/-  	 SB1start/s 	'+/- 	 SB1end/s 	'+/- 
23023	95530	309.079	76547	276.671	0.975561	0.00645049	1.00342	0.00538577	398	2.57553	397.033	2.5724	307.95	2.2655	308.883	2.26893
23024	1190521	1091.11	953342	976.392	0.972982	0.00186825	1.00465	0.00145417	388.383	2.54422	381.433	2.52135	304.083	2.25123	305.817	2.25764
23025	1250737	1118.36	999148	999.574	0.973868	0.0018294	1.00265	0.00145224	380.3	2.5176	370.65	2.48546	294.533	2.2156	295.917	2.2208
23026	1252662	1119.22	1001191	1000.6	0.973415	0.0018257	1.00328	0.00144849	360.867	2.45244	376.05	2.5035	283.15	2.17236	298.533	2.2306
23027	1306278	1142.93	1042010	1020.79	0.971318	0.00178182	1.0029	0.00140458	377.35	2.50782	394.867	2.56537	290.75	2.20133	315.817	2.29426
23028	48125	219.374	39539	198.844	0.978812	0.00880783	1.00149	0.00718577	389.8	2.54886	390.967	2.55267	300.7	2.23868	314.367	2.28898
23029	1384138	1176.49	1103505	1050.48	0.97158	0.00172562	1.0041	0.00132465	393.3	2.56027	435.817	2.69511	305.117	2.25506	342.517	2.38927
23030	1447937	1203.3	1152916	1073.74	0.972651	0.00169022	1.00161	0.00138511	432.167	2.6838	470	2.79881	332.717	2.35484	372.25	2.49082
23031	1552744	1246.09	1237504	1112.43	0.971398	0.00162987	1.00015	0.00137762	469.5	2.79732	448.583	2.7343	359.517	2.44784	358.217	2.44342
23032	1627550	1275.75	1296646	1138.7	0.971292	0.00159277	0.998653	0.00140764	436.183	2.69624	473.417	2.80896	338.433	2.37499	376.9	2.50633
23033	1647890	1283.7	1310622	1144.82	0.97282	0.00158883	0.998486	0.00146002	486.05	2.8462	465.883	2.78653	371.017	2.48669	371.717	2.48903
23034	1547980	1244.18	1232683	1110.26	0.973611	0.00164074	0.999471	0.00148141	476.65	2.81854	446.417	2.72769	363.517	2.46142	362.817	2.45905
23035	1628634	1276.18	1296161	1138.49	0.972271	0.00159912	0.998776	0.00143229	447.233	2.73018	488.583	2.8536	343.517	2.39276	390.05	2.54967
23036	1642459	1281.58	1309598	1144.38	0.969769	0.00158852	0.997076	0.00138675	483.5	2.83872	494.45	2.87069	373.5	2.49499	394.767	2.56504
23037	1744438	1320.77	1387612	1177.97	0.970975	0.00154318	0.996906	0.00138615	486.533	2.84761	523.583	2.95405	373.833	2.49611	414.767	2.62922
23038	260244	510.141	206458	454.376	0.972108	0.00396747	0.995538	0.00365668	532.55	2.97923	527.917	2.96625	405.683	2.60027	423.3	2.65612
23039	5000	70.7107	5003	70.7319	0.766914	0.00969693	1.01871	0.00368677	0	0	83.3333	1.17851	0	0	83.3333	1.17851
23040	5000	70.7107	5012	70.7955	0.72832	0.00576718	1.01808	0.00202736	0	0	83.3333	1.17851	0.0166667	0.0166667	83.3333	1.17851
23041	5000	70.7107	5002	70.7248	0.993098	0.013496	1.01691	0.00426744	0	0	83.3333	1.17851	0	0	83.3333	1.17851
23042	44607	211.204	35251	187.752	0.981737	0.00927538	1.00946	0.00709615	317.8	2.30145	317.933	2.30193	236.15	1.98389	241.367	2.00569
23043	43994	209.747	34774	186.478	0.982229	0.00893923	1.00492	0.00734	308.283	2.26673	305.767	2.25746	226.333	1.94222	236.7	1.9862
23044	474627	688.932	362978	602.477	0.9784	0.00288282	1.01508	0.00150326	303.733	2.24994	285.167	2.18009	220.75	1.91812	218.15	1.90679
23045	5000	70.7107	5004	70.739	1	0.019998	1.01858	0.0032819	0	0	83.3333	1.17851	0	0	83.3333	1.17851
23046	5000	70.7107	5001	70.7177	0.964054	0.0102884	0.986316	0.00904081	0	0	83.3333	1.17851	0.0166667	0.0166667	83.3333	1.17851
23047	5000	70.7107	5000	70.7107	0.949446	0.0058131	0.976595	0.00524864	0	0	83.3333	1.17851	0	0	0	0
23048	50127	223.891	40196	200.489	0.951031	0.0085122	0.975642	0.00954808	752.117	3.54052	808.25	3.67026	586.6	3.12677	625.3	3.22826
23049	1353816	1163.54	1047647	1023.55	0.940538	0.0017179	0.965943	0.0019495	826.767	3.71207	854.183	3.77311	618.117	3.20966	657.483	3.3103
23050	731704	855.397	564794	751.528	0.941952	0.00232875	0.965673	0.00276383	845.417	3.7537	814.517	3.68446	631.15	3.24333	633.533	3.24944
23051	255276	505.248	198543	445.582	0.945556	0.00397179	0.967185	0.00464555	807.583	3.66875	827.35	3.71338	607.167	3.18111	641.417	3.2696
23052	213981	462.581	167397	409.142	0.954757	0.00504314	0.977543	0.0051671	837.483	3.73605	842.367	3.74692	630.317	3.24118	651.733	3.29579
23053	1463404	1209.71	1131946	1063.93	0.950255	0.00196937	0.990829	0.00146739	838.6	3.73854	862.467	3.79136	626.383	3.23106	416.583	2.63497
23054	5000	70.7107	5004	70.739	1	0.019996	1.00654	0.00331585	0	0	83.3333	1.17851	0	0	83.3333	1.17851
23055	1248123	1117.19	964224	981.949	0.948885	0.00210041	0.990424	0.00139447	822.417	3.70229	743.467	3.5201	616.733	3.20607	409.033	2.61098
23056	838545	915.721	648386	805.224	0.952095	0.00255902	0.998271	0.00139318	831.283	3.72219	773.367	3.59019	619.967	3.21446	266.033	2.10568
23057	51312	226.522	40891	202.215	0.962758	0.00958508	0.990347	0.0089041	573.783	3.09242	540.75	3.00208	422.733	2.65435	417.25	2.63708
23058	3304561	1817.85	2549926	1596.85	0.950146	0.00129286	0.975833	0.00130538	843.233	3.74885	795.067	3.64021	620.617	3.21615	606.567	3.17954
23059	2444270	1563.42	1883519	1372.41	0.949647	0.001502	0.982114	0.00133536	792.75	3.6349	850.333	3.7646	596.533	3.15313	652.267	3.29714
23060	2333940	1527.72	1803785	1343.05	0.944883	0.00152916	0.981369	0.00136539	0.216667	0.0600925	384.167	2.53037	0.116667	0.0440959	371.9	2.48965
23061	5000	70.7107	5000	70.7107	1	0.02	1.00673	0.0137413	0	0	83.3333	1.17851	0	0	0	0
23062	2864257	1692.41	2215244	1488.37	0.944342	0.00139446	0.978252	0.00127906	883.5	3.83732	868.8	3.80526	660.867	3.3188	661.033	3.31922
23063	2898652	1702.54	2243883	1497.96	0.945193	0.00139096	0.977103	0.00131618	878.267	3.82593	928.15	3.93309	658.033	3.31168	717.95	3.45917
23064	3069314	1751.95	2375078	1541.13	0.943637	0.00134866	0.975435	0.0012997	919.883	3.91553	898.867	3.87054	688.667	3.38789	691.367	3.39452
23065	118064	343.604	92350	303.891	0.948242	0.00666263	0.976234	0.00612046	922.717	3.92156	918.1	3.91173	685.217	3.37939	711.85	3.44444
23066	2720330	1649.34	2104283	1450.61	0.946928	0.00144426	0.977775	0.00132201	910	3.89444	721.317	3.46727	685.967	3.38124	557.083	3.04708
23067	2239136	1496.37	1729780	1315.21	0.948074	0.00158844	0.98355	0.00126657	729.217	3.4862	606.8	3.18015	544.15	3.01151	467.433	2.79116
23068	254221	504.203	196201	442.946	0.952011	0.00464853	0.987519	0.00334597	576.133	3.09875	566.083	3.0716	428.9	2.67364	428.183	2.6714
23069	151251	388.91	116966	342.003	0.953941	0.00579668	0.987644	0.00416985	517.167	2.93589	519.933	2.94373	384.417	2.53119	399	2.57876
23070	497434	705.29	384555	620.125	0.95051	0.00326484	0.985729	0.00249402	606.3	3.17884	578.517	3.10515	452.133	2.7451	447.683	2.73155
23071	1547988	1244.18	1194174	1092.78	0.952211	0.0018804	0.988298	0.00138516	569	3.0795	531.433	2.97611	425.817	2.66401	409.083	2.61114
23072	9677	98.3717	8549	92.4608	0.990351	0.0173754	0.995288	0.0156919	77.95	1.13981	152.833	1.596	59.15	0.992891	122.95	1.43149
23073	85405	292.241	66374	257.632	0.958253	0.00775975	0.988905	0.00557552	524.683	2.95715	505.217	2.90177	382.15	2.52372	387.533	2.54143
23074	183550	428.427	142663	377.708	0.956612	0.00549858	0.996117	0.00313797	475.65	2.81558	0	0	348.1	2.40866	0.0166667	0.0166667
23075	959741	979.664	742197	861.509	0.948244	0.00244411	0.982782	0.00195765	718.4	3.46025	664.267	3.32733	539.267	2.99796	511.867	2.92081
23076	805947	897.746	621306	788.23	0.959337	0.00376432	0.994696	0.00218513	650.8	3.29343	686.05	3.38144	484.133	2.84058	542.333	3.00647
23077	1834441	1354.42	1420038	1191.65	0.959361	0.00251231	0.992487	0.0015411	713.95	3.44952	806.067	3.6653	540.55	3.00153	632.367	3.24645
23078	2556108	1598.78	1980500	1407.3	0.958911	0.00212739	0.990748	0.00135228	839.05	3.73954	676.817	3.35861	635.9	3.25551	517.333	2.93636
23079	2465808	1570.29	1906983	1380.94	0.960144	0.00216866	0.991377	0.00136873	720.2	3.46458	733.517	3.49647	536.633	2.99063	567.717	3.07603
23080	27304	165.239	22393	149.643	0.981985	0.0150402	0.995964	0.0114685	371.733	2.48909	448.417	2.73379	289.883	2.19804	348.533	2.41016
23081	5001	70.7177	5024	70.8802	1	0.019976	1.00695	0.00144875	0	0	83.3333	1.17851	0	0	83.3333	1.17851
23082	5001	70.7177	5026	70.8943	0.999801	0.0199711	1.00697	0.00142862	0	0	83.3333	1.17851	0	0	83.3333	1.17851
23083	5002	70.7248	5029	70.9154	1	0.019982	1.00635	0.00148767	0	0	83.3333	1.17851	0	0	83.3333	1.17851
23084	5001	70.7177	5031	70.9295	0.9998	0.019989	1.00599	0.00146042	0	0	83.3333	1.17851	0	0	0	0
23085	5002	70.7248	5026	70.8943	0.9998	0.0199731	1.00639	0.0014637	0	0	83.3333	1.17851	0	0	83.3333	1.17851
23086	5001	70.7177	5023	70.8731	0.999601	0.0199721	1.00621	0.00144532	0.0166667	0.0166667	83.3333	1.17851	0	0	83.3333	1.17851
23087	5005	70.746	5028	70.9084	0.9998	0.0199731	1.00735	0.00142744	0	0	83.3333	1.17851	0	0	83.3333	1.17851
23088	5073	71.225	5040	70.993	0.999604	0.0199047	1.00576	0.00149071	0	0	0	0	0.0166667	0.0166667	0	0
23089	5000	70.7107	5000	70.7107	1	0.02	1.00622	0.0110376	0	0	83.3333	1.17851	0	0	0	0
23090	5000	70.7107	5001	70.7177	0.906446	0.0042435	0.944024	0.00548947	0	0	83.3333	1.17851	0	0	83.3333	1.17851
23091	5000	70.7107	5000	70.7107	0.962567	0.0109665	0.989132	0.00851362	0	0	83.3333	1.17851	0	0	0	0
23092	5000	70.7107	5001	70.7177	0.947689	0.00747513	0.980708	0.00657071	0	0	83.3333	1.17851	0	0	83.3333	1.17851
23093	160874	401.091	127233	356.697	0.958049	0.00745757	0.980572	0.0071599	1343.42	4.73184	1334.53	4.71617	1018.58	4.12024	1045.18	4.17369
23094	4466719	2113.46	3525100	1877.52	0.946236	0.0014803	0.979171	0.00134781	1312.52	4.6771	1373.55	4.78461	1002.55	4.08768	1081.4	4.24539
23095	4416891	2101.64	3482066	1866.03	0.942821	0.00147231	0.97858	0.0012821	1430	4.88194	1411.3	4.84991	1075.72	4.23422	1118.85	4.31828
23096	4397190	2096.95	3465061	1861.47	0.944174	0.00147704	0.978979	0.00132209	1371.25	4.7806	1315.62	4.68262	1044.75	4.17283	1035.93	4.15518
23097	4314517	2077.14	3409243	1846.41	0.94768	0.00148724	0.979303	0.00140819	1322.27	4.69444	1217.7	4.505	1014.37	4.1117	965.033	4.01047
23098	506524	711.705	402536	634.457	0.955681	0.00453364	0.985239	0.00395695	1193.72	4.46041	1237.83	4.54209	916.667	3.90868	996.283	4.07489
23099	46159	214.846	37557	193.796	0.965067	0.0120007	0.986993	0.0116174	685.983	3.38128	767.467	3.57647	542.617	3.00726	624.167	3.22533
23100	4562718	2136.05	3608932	1899.72	0.943681	0.00146918	0.978566	0.00130718	1361.22	4.76308	1358.07	4.75757	1038.43	4.16019	1073.8	4.23045
23101	3541513	1881.89	2804087	1674.54	0.942845	0.00168771	0.98584	0.0012508	1367.08	4.77333	1395.27	4.82229	1037.58	4.15849	1102.23	4.28609
23102	21813	147.692	18654	136.58	0.982291	0.0155286	1.00798	0.00427129	243.1	2.01288	0	0	196.733	1.81077	0	0
23103	4638841	2153.8	3678232	1917.87	0.94298	0.00147663	0.977961	0.00126363	1409.6	4.84699	1355.22	4.75257	1074.78	4.23238	1116.35	4.31345
23104	4545861	2132.1	3600087	1897.39	0.943407	0.00148397	0.978376	0.00127522	1380.77	4.79716	1333.2	4.71381	1059.78	4.20274	1069.03	4.22105
23105	4521142	2126.3	3582454	1892.74	0.943056	0.00148236	0.978113	0.00125742	1373.75	4.78496	1375.78	4.7885	1044.4	4.17213	1088.02	4.25836
23106	4526687	2127.6	3584968	1893.4	0.947315	0.00148164	0.977423	0.0013889	1343.13	4.73134	1378.15	4.79262	1030.52	4.14431	1098.72	4.27925
23107	2069123	1438.44	1637184	1279.52	0.944154	0.00217522	0.979999	0.00185791	1369.85	4.77816	1341	4.72758	1050.5	4.1843	1055.17	4.19358
23108	537730	733.301	426725	653.242	0.945125	0.00441051	0.982367	0.00344399	1339.37	4.7247	1398.7	4.82822	1024.42	4.13202	1118.67	4.31792
23109	4603615	2145.6	3637298	1907.17	0.941341	0.00153038	0.981459	0.00117253	1368.3	4.77546	1377.48	4.79146	1046.73	4.17679	1086.83	4.25604
23110	2884143	1698.28	2280344	1510.08	0.944639	0.00193436	0.990751	0.00127924	1388.38	4.81038	1376.3	4.7894	1050.18	4.18367	802.95	3.65821
23111	5001	70.7177	5029	70.9154	1	0.019992	1.00793	0.00139158	0	0	83.3333	1.17851	0	0	83.3333	1.17851
23112	728860	853.733	581393	762.491	0.963217	0.003838	1.00121	0.00146879	0	0	0	0	0.0166667	0.0166667	0.0166667	0.0166667
23113	2763905	1662.5	2209026	1486.28	0.955881	0.00198967	0.990516	0.00146508	0	0	674.25	3.35224	0.0166667	0.0166667	736.533	3.50365
23114	4190337	2047.03	3347691	1829.67	0.953918	0.00162141	0.979921	0.00144193	1250.73	4.56569	1298.93	4.65284	966.733	4.014	1037.03	4.15739
23115	4272826	2067.08	3413225	1847.49	0.953774	0.00160343	0.981133	0.0014437	1292.2	4.64076	1310.13	4.67285	990.85	4.06376	1048.13	4.17958
23116	4213191	2052.61	3366883	1834.91	0.952463	0.00161032	0.980361	0.00140411	1297.87	4.65093	1305.33	4.66429	996.133	4.07458	1045.77	4.17486
23117	458088	676.822	366882	605.708	0.954623	0.00477724	0.979785	0.00435127	1322.57	4.69497	1329.15	4.70664	1019.85	4.1228	1052.12	4.18751
23118	4293533	2072.08	3436162	1853.69	0.949588	0.00158243	0.981816	0.00133762	1322.27	4.69444	1288.82	4.63468	1017.18	4.11741	1031.98	4.14725
23119	1628906	1276.29	1298102	1139.34	0.95241	0.0025728	0.985589	0.00209265	1253.3	4.57038	1258.77	4.58033	975.317	4.03178	996.833	4.07601
23120	18328	135.381	15352	123.903	0.992254	0.0165354	1.00285	0.0154394	222.133	1.92412	296.533	2.22311	172.533	1.69575	215.617	1.89568
23121	4517192	2125.37	3577909	1891.54	0.967421	0.00149824	1.00575	0.00129363	1364.55	4.76891	1362.63	4.76556	1049.02	4.18134	1074.6	4.23202
23122	4479311	2116.44	3545263	1882.89	0.967807	0.00150902	1.00576	0.00129351	1348.57	4.7409	1348.05	4.73999	1036.45	4.15622	1061.38	4.20592
23123	5000	70.7107	5004	70.739	0.999242	0.0194514	1.02769	0.0031514	0	0	83.3333	1.17851	0.0166667	0.0166667	83.3333	1.17851
23124	126794	356.081	100799	317.489	0.986309	0.0084912	1.02601	0.0010575	0	0	0	0	0.0333333	0.0235702	0.0166667	0.0166667
23125	5000	70.7107	5002	70.7248	0.906885	0.00499149	0.984079	0.0066028	0	0	83.3333	1.17851	0.0166667	0.0166667	83.3333	1.17851
23126	498294	705.899	394998	628.489	0.966142	0.00438751	1.00066	0.00442008	1499.8	4.99967	1497.75	4.99625	1145.72	4.36981	1184.9	4.44391
23127	4963280	2227.84	3917718	1979.32	0.963947	0.00141391	1.00027	0.00142768	1503.58	5.00597	1435.9	4.892	1144.1	4.36673	1139.75	4.35842
23128	4726040	2173.95	3736409	1932.98	0.963544	0.00143567	1.0005	0.001431	1427.95	4.87844	1389.15	4.8117	1093.55	4.26917	1088.55	4.2594
23129	423234	650.564	335839	579.516	0.955251	0.00403874	0.994047	0.00461529	1398.8	4.82839	1366.98	4.77316	1067.3	4.21762	1084.97	4.25238
23130	5115652	2261.78	4038745	2009.66	0.951852	0.00119843	0.992588	0.00136201	1522.23	5.03692	1531.38	5.05203	1159.43	4.39589	1211.07	4.49271
23131	4939733	2222.55	3903672	1975.77	0.952046	0.0012442	0.996395	0.00130318	1463.05	4.93803	1519.43	5.03228	1120.05	4.32059	1203.6	4.47884
23132	1312767	1145.76	1037687	1018.67	0.934796	0.00257174	0.974293	0.00243761	1536.32	5.06017	1540.17	5.0665	1173.98	4.42339	1228.93	4.52573
23133	5316001	2305.65	4208114	2051.37	0.927144	0.0011587	0.963537	0.00139291	1566.83	5.11018	1613.62	5.18591	1205.8	4.48293	1281.1	4.62079
23134	5225611	2285.96	4125243	2031.07	0.932265	0.00123161	0.967607	0.00145724	1623.83	5.2023	1662.63	5.26408	1250.88	4.56597	1306.63	4.66661
23135	157685	397.096	125553	354.335	0.954655	0.00755864	0.978759	0.00816551	1684.58	5.29872	1643.93	5.23439	1286.68	4.63084	1327.45	4.70363
23136	5620069	2370.67	4419778	2102.33	0.946303	0.0013355	0.974315	0.0014409	1680.48	5.29226	1691.18	5.30909	1284.63	4.62715	1330.55	4.70912
23137	5636375	2374.11	4429246	2104.58	0.946914	0.00132582	0.974124	0.00147926	1687.85	5.30385	1681.22	5.29342	1288.7	4.63447	1321.97	4.69391
23138	5669007	2380.97	4457549	2111.29	0.945512	0.00131117	0.97324	0.0014762	1692.17	5.31063	1692.62	5.31133	1276.95	4.6133	1335.07	4.71711
23139	5548934	2355.62	4365199	2089.31	0.94473	0.00131634	0.972776	0.0014807	1705.2	5.33104	1705.1	5.33088	1298.5	4.65206	1339.72	4.72532
23140	5664797	2380.08	4451635	2109.89	0.946524	0.00132761	0.973413	0.00147662	1704.17	5.32943	1705.6	5.33167	1293.95	4.6439	1337.05	4.72061
23141	5669564	2381.08	4453395	2110.31	0.950308	0.00136498	0.975652	0.00148887	1681.28	5.29352	1704.68	5.33023	1282.97	4.62415	1342.47	4.73016
23142	5511637	2347.69	4328635	2080.54	0.942215	0.00136075	0.977349	0.00129095	1706.62	5.33326	1697.42	5.31886	1297.9	4.65099	1339.8	4.72546
23143	5029937	2242.75	3949629	1987.37	0.943571	0.00141407	0.979064	0.00136348	1697.23	5.31857	0	0	1289.45	4.63582	0.0333333	0.0235702
23145	4069898	2017.4	3187077	1785.24	0.97254	0.00167563	1.0004	0.00180962	1697.07	5.31831	1666.85	5.27075	1284.9	4.62763	1304.47	4.66274
23151	5410600	2326.07	4256134	2063.04	0.975851	0.00197595	1.00712	0.00160405	1699.47	5.32207	1547.85	5.07912	1292.78	4.64181	1260.03	4.58264
23154	407995	638.745	5505996	2346.49	0.893139	0.00157945	1.00406	0.00161926	120.1	1.4148	119.85	1.41333	1606.32	5.17416	1624.35	5.20312
23155	403293	635.054	5450751	2334.68	0.883039	0.0015159	1.00266	0.001618	119.467	1.41107	116.483	1.39334	1574.77	5.1231	1614.43	5.18722
23156	401075	633.305	5458337	2336.31	0.876832	0.00146996	1.0012	0.00161836	116	1.39044	118.233	1.40376	1570.67	5.11642	1614.17	5.18679
23157	404539	636.034	5449908	2334.5	0.87252	0.00143797	1.00105	0.00161593	117.883	1.40169	119.333	1.41028	1570.2	5.11566	1626.97	5.20731
23158	414126	643.526	5496554	2344.47	0.866514	0.00140295	1.00123	0.00155832	119.967	1.41402	117.9	1.40178	1586.98	5.14293	1630.22	5.21251
23159	409193	639.682	5347692	2312.51	0.865759	0.00142174	1.00106	0.00155489	119.533	1.41146	125	1.44338	1576.97	5.12667	1641.98	5.23129
23160	420687	648.604	5508252	2346.97	0.885269	0.00155593	1.00349	0.0015326	124.217	1.43885	121.8	1.42478	1578.32	5.12887	1657.88	5.25656
23161	419599	647.765	5570396	2360.17	0.900117	0.00164114	1.00514	0.00151696	121.017	1.42019	125.567	1.44664	1589.48	5.14698	1660.37	5.26049
23162	416492	645.362	5524422	2350.41	0.889994	0.00157571	1.00448	0.00152522	123.883	1.43691	126.65	1.45287	1602.95	5.16874	1693.83	5.31324
23163	430436	656.076	5666629	2380.47	0.882387	0.00150318	1.00303	0.00151556	127.117	1.45554	127.65	1.4586	1637.23	5.22372	1696.55	5.3175
23164	441976	664.813	5644353	2375.78	0.871614	0.00145599	1.00904	0.0012897	125.167	1.44434	133.383	1.49099	1633.15	5.2172	1680.28	5.29195
23170	163942	404.898	2102174	1449.89	0.902337	0.00269744	1.00515	0.00248632	127.933	1.46021	124.783	1.44212	1601.48	5.16637	1660.68	5.26099
23171	417962	646.5	5544560	2354.69	0.899648	0.00165486	1.00493	0.00152328	125.033	1.44357	122.05	1.42624	1591.35	5.15	1639.57	5.22744
23172	391750	625.899	5177152	2275.34	0.887463	0.00162123	1.00486	0.0015319	120.717	1.41843	124.667	1.44145	1574.77	5.1231	1654.32	5.2509
23173	412308	642.112	5542582	2354.27	0.876766	0.00149372	1.00258	0.00152973	121.5	1.42302	120.517	1.41725	1599.92	5.16384	1623.02	5.20099
23174	404335	635.873	5508493	2347.02	0.870896	0.00145658	1.00182	0.00152971	122.117	1.42663	118.717	1.40663	1591.08	5.14957	1628.93	5.21046
23175	403802	635.454	5549242	2355.68	0.855065	0.00134102	0.999171	0.00152949	118.833	1.40732	117.5	1.3994	1593.53	5.15353	1641.87	5.2311
23176	394879	628.394	5521383	2349.76	0.847117	0.00129465	0.99806	0.00152576	118.15	1.40327	117.333	1.39841	1585.37	5.14031	1648.88	5.24227
23177	315283	561.501	4429918	2104.74	0.839099	0.00140605	1.00165	0.00151604	83	1.17615	114.133	1.37921	1182.73	4.43984	1625.7	5.20529
23178	409813	640.166	5717257	2391.08	0.828462	0.0012519	0.974445	0.00149634	113.05	1.37265	159.467	1.63027	1583.55	5.13736	2154.25	5.99201
23179	536991	732.797	7130232	2670.25	0.863002	0.00134372	0.976841	0.00148872	160.1	1.6335	184.233	1.7523	2081.55	5.89003	2370.9	6.2861
23180	702857	838.366	9196142	3032.51	0.880296	0.00128081	0.978371	0.00137139	182.017	1.74173	175.95	1.71245	2288.85	6.17637	2401.32	6.32629
23181	640287	800.179	8238228	2870.23	0.865713	0.00128449	0.975086	0.00146294	183.467	1.74865	202.483	1.83704	2328.77	6.22999	2610.68	6.59632
23182	709610	842.384	8899346	2983.18	0.85606	0.00119416	0.97172	0.00142674	202.733	1.83818	209.783	1.86986	2557.37	6.52861	2687.53	6.6927
23183	699978	836.647	8675477	2945.42	0.848843	0.00117679	0.971718	0.00138917	208.967	1.86622	221.367	1.92079	2600.47	6.5834	2673.23	6.67487
23184	749448	865.707	9027177	3004.53	0.846645	0.00114451	0.968972	0.00140935	220.75	1.91812	226.883	1.94458	2593.3	6.57432	2684.95	6.68948
23185	716980	846.747	8765914	2960.73	0.798404	0.00134889	0.980613	0.00128799	213.7	1.88724	217.117	1.90226	2486.03	6.43692	2724.97	6.73915
23186	727435	852.898	8935238	2989.19	0.798749	0.00132512	0.97972	0.00136382	210.15	1.8715	216.217	1.89832	2538.53	6.50453	2675	6.67708
23187	715340	845.778	8755702	2959	0.802353	0.00134673	0.979899	0.00142262	217.333	1.90321	216.15	1.89803	2572.12	6.54741	2643.35	6.63746
23188	711873	843.726	8783871	2963.76	0.844957	0.00181032	1.00022	0.00146607	215.983	1.89729	213.8	1.88768	2602.82	6.58637	2597.32	6.57941
23189	694835	833.568	8449016	2906.72	0.844626	0.00173628	1.00857	0.0014976	207.933	1.8616	206.8	1.85652	2449.1	6.38892	2483.28	6.43335
23190	681945	825.8	8189544	2861.74	0.842449	0.00169111	1.00636	0.00152469	204.217	1.84489	194.217	1.79915	2401.17	6.32609	2351.32	6.26008
23191	647403	804.614	7839097	2799.84	0.835449	0.00163226	1.00553	0.00151939	195	1.80278	188.6	1.77294	2295.42	6.18522	2312.25	6.20786
23192	658524	811.495	7936736	2817.22	0.821651	0.00153851	1.00586	0.00149493	189.117	1.77537	192.183	1.78971	2260.15	6.13752	2325.35	6.22542
23193	641098	800.686	7776897	2788.71	0.824586	0.00149953	1.00535	0.00146556	189.967	1.77936	198.433	1.81858	2267.37	6.14731	2396.68	6.32018
23194	706137	840.32	8364678	2892.18	0.814941	0.0013974	1.0093	0.00125752	210.633	1.87365	194.617	1.801	2445.73	6.38453	2344.93	6.25158
23196	663681	814.666	8251511	2872.54	0.881265	0.00141038	1.00134	0.00141746	204.4	1.84572	195.967	1.80724	2369.08	6.28369	2407.23	6.33408
23197	675426	821.843	8316507	2883.84	0.862967	0.00128817	0.996238	0.00150348	199.033	1.82132	200.333	1.82726	2373.82	6.28996	2478.6	6.42729
23198	659833	812.301	8612718	2934.74	0.866167	0.00161202	1.00466	0.0015127	202.383	1.83659	199.033	1.82132	2485.62	6.43638	2553.32	6.52344
23199	676103	822.255	8859413	2976.48	0.857737	0.00149795	1.00191	0.00151983	197.283	1.8133	200.1	1.8262	2493.92	6.44711	2643.85	6.63808
23200	606592	778.84	7996999	2827.9	0.84864	0.00143953	1.00111	0.0015123	202.45	1.83689	203.383	1.84112	2568.78	6.54317	2662.77	6.66179
23201	654918	809.27	8702741	2950.04	0.84783	0.00131696	0.998029	0.00152944	195.65	1.80578	192.567	1.79149	2506.5	6.46336	2566.38	6.54011
23202	644756	802.967	8722396	2953.37	0.823473	0.00123266	0.970752	0.00150078	188.617	1.77302	204.967	1.84827	2467.27	6.41257	2732	6.74784
23203	673970	820.957	9001967	3000.33	0.820072	0.0011767	0.967061	0.00146035	199.933	1.82544	206.217	1.8539	2591.35	6.57185	2713.37	6.72479
23204	664857	815.388	8933686	2988.93	0.819414	0.00114822	0.965986	0.00145444	200.05	1.82597	195.883	1.80685	2641.03	6.63455	2597.58	6.57975
23205	549085	741.003	7197446	2682.81	0.816205	0.00122871	0.968751	0.00148437	201.25	1.83144	199.683	1.8243	2536.35	6.50173	2547.98	6.51662
23206	654841	809.222	8770169	2961.45	0.83508	0.00133713	0.97513	0.00146114	198.667	1.81965	190.883	1.78364	2534.52	6.49938	2636.62	6.629
23207	659490	812.09	8827586	2971.13	0.868332	0.00173237	0.985789	0.00149092	185.583	1.75871	196.567	1.81	2528.6	6.49179	2644.2	6.63852
23208	673368	820.59	8731203	2954.86	0.858726	0.00161812	0.983281	0.00145669	192.15	1.78955	210.433	1.87276	2523.87	6.48571	2707.68	6.71774
23209	696080	834.314	8840629	2973.32	0.847471	0.00149132	0.98254	0.0013366	215.3	1.89429	202.25	1.83598	2629.4	6.61992	2630.9	6.62181
23210	651514	807.164	8305768	2881.97	0.850607	0.00150446	0.981283	0.00142842	203.267	1.84059	200.25	1.82688	2522.22	6.48359	2547.73	6.5163
23211	664874	815.398	8393415	2897.14	0.84635	0.00144153	0.978258	0.00145827	204.3	1.84526	194.35	1.79977	2477.88	6.42636	2487.63	6.43899
23212	618141	786.219	7856198	2802.89	0.847	0.00145239	0.978453	0.00147014	195.517	1.80516	180	1.73205	2412.12	6.3405	2256.03	6.13193
23213	584616	764.602	7518568	2742	0.839972	0.00142328	0.979422	0.00138638	170.317	1.68482	166.833	1.6675	2150.65	5.987	2179.1	6.02647
23214	570049	755.016	7390159	2718.48	0.839071	0.00139579	0.978051	0.00140599	165.55	1.66107	172.017	1.69321	2104.88	5.92295	2267.83	6.14794
23215	571673	756.091	7439708	2727.58	0.841743	0.0014461	0.983616	0.00141077	177.5	1.71998	161.117	1.63868	2211.45	6.07104	2145.58	5.97994
23216	536991	732.797	7018466	2649.24	0.896014	0.00217685	1.01062	0.00146471	159.467	1.63027	165.833	1.66249	2085.9	5.89619	2190.42	6.0421
23217	556691	746.117	7196821	2682.69	0.880701	0.00190091	1.00896	0.00146368	174.3	1.70441	154.833	1.60641	2131.45	5.96022	2055.83	5.85354
23218	566082	752.384	7305516	2702.87	0.873203	0.00175125	1.00845	0.00143558	162.15	1.64393	171.567	1.69099	2070.72	5.87469	2239.45	6.10935
23219	586872	766.076	7535745	2745.13	0.866835	0.0016323	1.00941	0.00136585	173.95	1.70269	163.9	1.65278	2189.98	6.0415	2147.27	5.98229
23220	592232	769.566	7639684	2764	0.860692	0.00153807	1.00857	0.00131639	166.217	1.66442	176.567	1.71545	2049.67	5.84475	2312.62	6.20835
23221	611672	782.095	7877265	2806.65	0.858968	0.00145842	1.00309	0.00143238	173.317	1.69959	190.183	1.78037	2202.07	6.05814	2486.98	6.43815
23222	652225	807.604	8511474	2917.44	0.837306	0.00121283	0.994192	0.00150297	198.05	1.81682	189.967	1.77936	2367.3	6.28132	2562.87	6.53563
23224	616474	785.159	8496447	2914.87	0.870862	0.0016624	1.00428	0.00149806	178.383	1.72426	185.033	1.7561	2458.5	6.40117	2584.03	6.56256
23225	648591	805.351	8872410	2978.66	0.877841	0.00171124	1.00505	0.00147682	177.267	1.71885	193.517	1.79591	2384.12	6.30359	2698.53	6.70638
23226	632606	795.365	8555729	2925.02	0.889475	0.0019341	1.00994	0.00143369	192.35	1.79048	204.567	1.84647	2537.77	6.50355	2728.68	6.74374
23227	674495	821.276	9140317	3023.3	0.883005	0.00182266	1.00726	0.00146119	201.517	1.83265	194.6	1.80093	2630.67	6.62151	2673.13	6.67475
23228	653738	808.541	9054609	3009.09	0.863653	0.00178509	0.988325	0.00143402	190.6	1.78232	192.4	1.79072	2627.15	6.61709	2674.43	6.67637
23229	649146	805.696	8749404	2957.94	0.862284	0.00179436	0.988002	0.00146701	193.15	1.7942	194.817	1.80193	2509.38	6.46707	2699.08	6.70707
23230	677533	823.124	9003714	3000.62	0.861041	0.00177767	0.987653	0.00146775	198.217	1.81758	197.2	1.81292	2627.1	6.61702	2614.98	6.60175
23231	676972	822.783	8714702	2952.07	0.86076	0.00181654	0.988259	0.00148598	204.917	1.84805	211.233	1.87631	2600.03	6.58285	2690.65	6.69658
23232	708614	841.792	8832070	2971.88	0.857578	0.0017977	0.988606	0.00146522	210.783	1.87431	199.683	1.8243	2640.87	6.63434	2464.37	6.4088
23233	643742	802.335	8174122	2859.04	0.856696	0.00184362	0.989576	0.00145422	186.333	1.76226	185.617	1.75887	2257.98	6.13458	2392.38	6.31451
23234	625049	790.6	7836361	2799.35	0.876529	0.00210462	0.993084	0.00141884	176.05	1.71294	200.683	1.82886	2255.28	6.13091	2442.33	6.38009
23235	640799	800.499	7954453	2820.36	0.879356	0.00209649	0.992786	0.00140694	194.617	1.801	188.35	1.77177	2315.27	6.21191	2345.3	6.25207
23236	609192	780.508	7684783	2772.14	0.872393	0.00208463	0.992653	0.00139788	185.317	1.75744	175.567	1.71059	2230	6.09645	2288.55	6.17596
23237	562343	749.895	7236334	2690.04	0.870891	0.00212881	0.992319	0.00147243	175.333	1.70945	170.133	1.68391	2240.52	6.11081	2165.1	6.00708
23238	600971	775.223	7292117	2700.39	0.88183	0.00211693	1.00979	0.00140733	169.267	1.67962	187.233	1.76651	2065.45	5.86721	2245.02	6.11694
23239	596978	772.644	7264071	2695.19	0.880071	0.00207415	1.01061	0.0014445	189.55	1.7774	161.8	1.64215	2204.78	6.06188	2050.72	5.84625
23240	538010	733.492	6630332	2574.94	0.879364	0.00213537	1.00927	0.00150948	166.6	1.66633	153.3	1.59844	2000.3	5.77394	1918.55	5.65472
23241	521596	722.216	6517158	2552.87	0.876394	0.00211357	1.01271	0.00138337	156.35	1.61426	149.817	1.58017	1892.88	5.61677	1893.75	5.61805
23242	521057	721.843	6482453	2546.07	0.875341	0.00206929	1.01277	0.00138131	158.317	1.62438	174.483	1.7053	1895.67	5.62089	2112.18	5.93322
23243	561711	749.474	6925843	2631.7	0.872879	0.00196153	1.01328	0.00136672	166.533	1.666	168.3	1.67481	1957.97	5.71251	2117.07	5.94007
23244	573515	757.308	7167261	2677.17	0.900856	0.00223586	1.01167	0.00146732	167.217	1.66941	175.733	1.7114	2064.62	5.86603	2182.75	6.03151
23245	579132	761.007	7265212	2695.41	0.891762	0.00206686	1.009	0.00149995	173.533	1.70065	184.017	1.75127	2112.32	5.9334	2404.3	6.33022
23246	593696	770.517	7776834	2788.7	0.884547	0.00171466	1.00464	0.00150759	174.183	1.70384	174.333	1.70457	2217.58	6.07945	2311.5	6.20685
23247	607401	779.359	8033937	2834.42	0.87882	0.00168393	1.00414	0.00149688	178.667	1.72562	180.5	1.73445	2280.58	6.1652	2410.52	6.3384
23248	628217	792.601	8336816	2887.35	0.873253	0.00166123	1.00439	0.0014968	184.433	1.75325	186.75	1.76423	2396.7	6.32021	2500.17	6.45519
23249	655308	809.511	8702575	2950.01	0.86844	0.00164591	1.00385	0.00150406	194.067	1.79846	198.15	1.81728	2481.07	6.43048	2672.03	6.67337
23250	673753	820.825	8925377	2987.54	0.867118	0.00161953	1.00374	0.00148453	88.0833	1.21163	206.567	1.85547	1214.8	4.49963	2703.77	6.71288
23251	706296	840.414	9175559	3029.12	0.866771	0.00161015	1.00333	0.00148675	207.767	1.86085	210.167	1.87157	2614.02	6.60053	2731.03	6.74665
23252	664912	815.421	8648130	2940.77	0.869904	0.00173943	1.00551	0.00148258	209.05	1.86659	201.133	1.83091	2641.13	6.63467	2690.48	6.69637
23253	666315	816.281	9079125	3013.16	0.878059	0.00196331	0.990248	0.00142653	199.117	1.82171	193.8	1.79722	2640.35	6.63369	2725.07	6.73927
23254	668587	817.672	9064408	3010.72	0.86561	0.00186179	0.991114	0.00131884	196.867	1.81138	199.517	1.82353	2632.93	6.62437	2719.32	6.73216
23255	660003	812.406	9023679	3003.94	0.8602	0.00182157	0.990179	0.00130125	198.583	1.81926	188.867	1.7742	2635.88	6.62808	2680.67	6.68414
23256	653310	808.276	8957333	2992.88	0.860611	0.00178661	0.987061	0.0014648	188.883	1.77428	194.95	1.80254	2612.42	6.59851	2668.23	6.66862
23257	659203	811.913	9036133	3006.02	0.857207	0.00173246	0.986594	0.00144552	199.433	1.82315	193.567	1.79614	2618.1	6.60568	2717.33	6.7297
23258	662753	814.096	8960054	2993.33	0.852279	0.00171658	0.987538	0.00143025	196.967	1.81184	198.533	1.81904	2653.23	6.64985	2683.18	6.68728
23259	665854	815.999	8955812	2992.63	0.852807	0.00171906	0.987262	0.00143405	198.8	1.82026	197.05	1.81223	2595.77	6.57744	2683.92	6.68819
23260	646837	804.262	8669847	2944.46	0.849575	0.00173143	0.987835	0.00139341	192.483	1.7911	194.067	1.79846	2567.23	6.54119	2636.32	6.62862
23261	659388	812.027	8804949	2967.31	0.861648	0.00180615	0.989503	0.0013539	192.95	1.79327	200.9	1.82985	2492.38	6.44513	2646.87	6.64187
23262	658789	811.658	8682192	2946.56	0.872386	0.00192348	0.991901	0.00133544	200	1.82574	202.65	1.8378	2550.97	6.52044	2585.25	6.56411
23263	634281	796.418	8278600	2877.26	0.864998	0.00191852	0.990814	0.00135588	198.583	1.81926	182.617	1.74459	2483.37	6.43346	2424.42	6.35665
23264	611811	782.183	8117469	2849.12	0.861822	0.0018662	0.990258	0.00137969	182.1	1.74213	183.767	1.75008	2351.33	6.2601	2468.82	6.41459
23265	626946	791.799	8057729	2838.61	0.860648	0.00181284	0.989433	0.00141419	193.9	1.79768	189.1	1.77529	2374.25	6.29054	2406.03	6.3325
23266	620954	788.006	7999082	2828.26	0.858928	0.00179472	0.988854	0.00142048	184.567	1.75388	179.733	1.73077	2354.37	6.26414	2413.58	6.34243
23267	627818	792.35	8034319	2834.49	0.860664	0.00179296	0.989212	0.00140528	186.683	1.76391	187.533	1.76792	2326.6	6.22709	2422.27	6.35383
23268	651957	807.439	7968281	2822.81	0.871796	0.00182312	1.00319	0.00138723	198.117	1.81713	197.117	1.81253	2349.62	6.25782	2410.02	6.33774
23269	669900	818.474	8178363	2859.78	0.878287	0.00179966	1.00923	0.00143564	198.817	1.82033	197.6	1.81475	2340.1	6.24513	2478.48	6.42713
23270	304944	552.217	3745486	1935.33	0.876548	0.00261616	1.01077	0.00202724	198.7	1.8198	192.083	1.78924	2387.75	6.30839	2380.6	6.29894
